1.51762e-05
5.67742e-05
1.51762e-05
1.51762e-05
1.51762e-05
3.85136e-05
1.51762e-05
3.8043e-05
0.000162915
1.84926e-05
3.75811e-05
1.51762e-05
1.89461e-05
1.51762e-05
1.51762e-05
5.03459e-05
1.51762e-05
6.18713e-05
1.51762e-05
1.51762e-05
1.51762e-05
7.60153e-05
1.51762e-05
1.51762e-05
1.51762e-05
1.51762e-05
3.02388e-05
7.79426e-05
1.51762e-05
1.51762e-05
1.51762e-05
1.51762e-05
1.51762e-05
1.51762e-05
1.51762e-05
1.51762e-05
1.51762e-05
1.51762e-05
5.55796e-05
1.51762e-05
0.000264358
1.51762e-05
5.27048e-05
1.51762e-05
0.000124163
1.51762e-05
0.000242234
1.51762e-05
1.51762e-05
1.51762e-05
1.51762e-05
1.51762e-05
9.92101e-05
2.60328e-05
7.25315e-05
3.75043e-05
1.51762e-05
1.51792e-05
1.51762e-05
0.000157342
6.91669e-05
1.51762e-05
1.51762e-05
9.51393e-05
2.40604e-05
1.51762e-05
0.000222827
1.51762e-05
3.1763e-05
1.51762e-05
1.97027e-05
1.51762e-05
1.51762e-05
1.51762e-05
1.51762e-05
1.51762e-05
1.51762e-05
1.51762e-05
3.39588e-05
6.27616e-05
1.51762e-05
1.51762e-05
0.000251757
3.84219e-05
1.51762e-05
3.60676e-05
0.000176949
1.51762e-05
1.51762e-05
1.51762e-05
1.51762e-05
1.51762e-05
1.51762e-05
1.51762e-05
1.66045e-05
1.51762e-05
1.51762e-05
1.51762e-05
1.51762e-05
3.05468e-05
1.51762e-05
1.51762e-05
4.74558e-05
1.51762e-05
0.000420198
1.51762e-05
8.41948e-05
1.51762e-05
1.51762e-05
1.51762e-05
5.2662e-05
1.51762e-05
0.000108091
0.000100117
0.000670168
1.51762e-05
1.51762e-05
1.51762e-05
1.51762e-05
1.51762e-05
1.51762e-05
1.51762e-05
1.51762e-05
1.51762e-05
1.51762e-05
1.51762e-05
1.51762e-05
1.51762e-05
1.51762e-05
1.51762e-05
1.51762e-05
1.51762e-05
1.51762e-05
7.51868e-05
1.51762e-05
1.51762e-05
1.51762e-05
1.51762e-05
1.51762e-05
1.51762e-05
1.51762e-05
1.51762e-05
1.51762e-05
1.51762e-05
1.51762e-05
1.51762e-05
1.51762e-05
1.51762e-05
1.51762e-05
1.51762e-05
1.92994e-05
0.001076
3.7534e-05
1.51762e-05
7.36388e-05
1.51762e-05
7.06267e-05
6.35184e-05
4.7449e-05
1.51762e-05
1.51762e-05
1.51762e-05
1.51762e-05
1.51762e-05
1.51762e-05
1.51762e-05
1.51762e-05
1.51762e-05
4.12892e-05
1.51762e-05
1.51762e-05
1.81477e-05
1.51762e-05
0.000221741
1.51762e-05
1.51762e-05
1.51762e-05
1.51762e-05
1.51762e-05
1.51762e-05
1.51762e-05
1.51762e-05
2.67275e-05
1.51762e-05
1.51762e-05
0.000315887
0.00636123
0.000135933
2.18113e-05
4.96938e-05
1.51762e-05
1.56476e-05
3.07702e-05
0.000243677
1.51762e-05
1.89646e-05
1.51762e-05
1.51762e-05
1.51762e-05
1.84051e-05
1.51762e-05
6.73403e-05
1.51762e-05
4.86991e-05
1.72552e-05
1.51762e-05
1.51762e-05
0.000130332
2.5697e-05
1.51762e-05
1.51762e-05
2.25756e-05
1.51762e-05
1.51762e-05
1.51762e-05
1.51762e-05
1.51762e-05
1.51762e-05
3.80946e-05
1.51762e-05
1.51762e-05
1.51762e-05
1.51762e-05
6.22352e-05
1.99228e-05
2.00247e-05
1.51762e-05
7.9237e-05
1.51762e-05
1.51762e-05
7.76634e-05
0.000140149
4.24624e-05
1.51762e-05
1.51762e-05
6.36164e-05
1.51762e-05
3.16715e-05
1.51762e-05
2.69475e-05
4.17597e-05
1.51762e-05
1.51762e-05
1.51762e-05
1.51762e-05
5.01838e-05
1.51762e-05
1.51762e-05
0.00039464
7.69307e-05
0.000212428
1.51762e-05
1.51762e-05
0.000238832
1.51762e-05
1.51762e-05
1.51762e-05
1.51762e-05
1.92329e-05
0.00166087
4.75175e-05
1.51762e-05
6.75466e-05
0.00653084
0.000930543
3.11634e-05
1.51762e-05
1.51762e-05
1.9933e-05
3.44517e-05
0.000120199
0.000179008
0.000363083
0.000303773
0.000944958
1.51762e-05
3.13248e-05
0.0639953
0.0875674
0.00111606
0.00626322
0.25332
0.194052
0.00679435
0.005329
0.236437
8.53297e-05
0.01644
2.44151e-05
1.51762e-05
2.02488e-05
1.6571e-05
9.23617e-05
0.000133086
1.51762e-05
2.45065e-05
2.31788e-05
1.51762e-05
0.000819207
0.000654607
1.51762e-05
1.51762e-05
1.51762e-05
1.51762e-05
1.51762e-05
1.51762e-05
1.51762e-05
1.51762e-05
1.51762e-05
1.51762e-05
2.65326e-05
1.90823e-05
1.51762e-05
2.05128e-05
1.51762e-05
2.36192e-05
1.51762e-05
1.51762e-05
1.9834e-05
1.51762e-05
1.51762e-05
1.51762e-05
1.92884e-05
1.51762e-05
1.51762e-05
1.51762e-05
6.24942e-05
0.000281738
1.51762e-05
1.51762e-05
0.000690988
0.000476468
0.000581082
0.00309435
3.43942e-05
0.0011124
0.000115386
2.09238e-05
4.29997e-05
1.51762e-05
1.51762e-05
1.51762e-05
1.51762e-05
1.51762e-05
1.51762e-05
1.51762e-05
1.51762e-05
1.51762e-05
1.51762e-05
1.51762e-05
1.51762e-05
1.51762e-05
1.51762e-05
3.21878e-05
1.51762e-05
2.81642e-05
0.0204662
0.000932568
0.00194297
0.0005872
4.21521e-05
5.62745e-05
9.95425e-05
2.1675e-05
1.51762e-05
1.51762e-05
1.51762e-05
1.51762e-05
3.42015e-05
1.51762e-05
1.51762e-05
2.63926e-05
1.51762e-05
3.49879e-05
2.07944e-05
1.51762e-05
2.03233e-05
2.45781e-05
5.94537e-05
1.51762e-05
9.64965e-05
1.51762e-05
5.92622e-05
5.27663e-05
4.96619e-05
1.51762e-05
1.51762e-05
0.00122777
1.51762e-05
1.51762e-05
1.51762e-05
1.51762e-05
1.51762e-05
1.51762e-05
1.51762e-05
1.51762e-05
1.51762e-05
1.51762e-05
1.64169e-05
1.51762e-05
1.51762e-05
1.51762e-05
1.51762e-05
1.51762e-05
1.51762e-05
1.51762e-05
1.51762e-05
1.51762e-05
1.51762e-05
2.64624e-05
1.51762e-05
1.51762e-05
0.00138245
1.51762e-05
1.51762e-05
1.5674e-05
1.51762e-05
1.51762e-05
3.94086e-05
0.000479323
1.51762e-05
1.51762e-05
4.15481e-05
1.51762e-05
1.51762e-05
1.51762e-05
1.51762e-05
8.84136e-05
0.000111437
0.000165544
1.51762e-05
4.10488e-05
1.51762e-05
1.51762e-05
0.000170687
7.02392e-05
1.51762e-05
1.51762e-05
9.94211e-05
3.30556e-05
9.62269e-05
2.78911e-05
1.51762e-05
3.14725e-05
1.51762e-05
1.51762e-05
5.44013e-05
1.51762e-05
5.34896e-05
1.51762e-05
1.51762e-05
1.51762e-05
3.09646e-05
8.52566e-05
4.65569e-05
0.00019265
1.51762e-05
0.000243685
1.51762e-05
1.51762e-05
1.51762e-05
1.51762e-05
0.000306219
0.00155861
2.64453e-05
1.51762e-05
1.51762e-05
1.51762e-05
1.66216e-05
5.87852e-05
0.000347647
1.51762e-05
1.51762e-05
1.91735e-05
1.51762e-05
1.51762e-05
1.51762e-05
2.64338e-05
0.00174645
0.00025046
1.51762e-05
1.51762e-05
1.51762e-05
1.51762e-05
1.51762e-05
1.51762e-05
1.51762e-05
2.60649e-05
1.51762e-05
1.9152e-05
1.51762e-05
1.5618e-05
1.55802e-05
1.51762e-05
1.51762e-05
1.51762e-05
2.14444e-05
1.51762e-05
1.51762e-05
1.51762e-05
1.51762e-05
2.41741e-05
1.62446e-05
2.16833e-05
0.000382158
1.94881e-05
4.47232e-05
1.51762e-05
0.000663485
1.51762e-05
1.51762e-05
1.51762e-05
1.51762e-05
1.51762e-05
5.07952e-05
0.000246142
7.75495e-05
1.51762e-05
1.51762e-05
0.000399396
1.51762e-05
0.00013321
1.51762e-05
1.51762e-05
1.51762e-05
1.51762e-05
1.51762e-05
4.9772e-05
1.51762e-05
1.51762e-05
0.000178124
1.51762e-05
1.51762e-05
1.68295e-05
0.00016581
1.51762e-05
1.51762e-05
1.51762e-05
1.51762e-05
0.00883559
1.51762e-05
1.51762e-05
7.44091e-05
0.000870272
1.51762e-05
1.51762e-05
1.51762e-05
1.51762e-05
2.20627e-05
8.83596e-05
1.51762e-05
0.000272411
0.000371541
2.10024e-05
1.51762e-05
1.51762e-05
3.79403e-05
1.51762e-05
1.51762e-05
3.98547e-05
1.51762e-05
1.51762e-05
4.71897e-05
3.43163e-05
1.51762e-05
1.51762e-05
1.51762e-05
5.01726e-05
1.51762e-05
1.51762e-05
1.51762e-05
1.51762e-05
1.51762e-05
1.51762e-05
0.000116492
1.51762e-05
1.51762e-05
1.51762e-05
1.51762e-05
1.51762e-05
1.51762e-05
1.51762e-05
1.51762e-05
1.51762e-05
1.51762e-05
1.51762e-05
1.51762e-05
0.000221481
0.000355459
1.51762e-05
1.76643e-05
1.71479e-05
3.51154e-05
4.1158e-05
1.97126e-05
1.51762e-05
0.000265796
1.51762e-05
1.51762e-05
4.88328e-05
4.09009e-05
1.51762e-05
1.51762e-05
1.51762e-05
1.51762e-05
1.90784e-05
0.000134193
8.04389e-05
1.81923e-05
1.51762e-05
1.51762e-05
0.000564722
1.51762e-05
1.51762e-05
1.51762e-05
1.51762e-05
1.51762e-05
1.51762e-05
5.24766e-05
3.7756e-05
0.000873374
1.51762e-05
0.00131812
6.61954e-05
1.51762e-05
1.51762e-05
4.67178e-05
1.51762e-05
1.51762e-05
0.000200919
1.51762e-05
0.000176919
1.81898e-05
1.97014e-05
1.51762e-05
4.13262e-05
2.31044e-05
6.38291e-05
1.51762e-05
1.51762e-05
9.74618e-05
2.86921e-05
1.51762e-05
1.51762e-05
0.000102302
1.51762e-05
5.54788e-05
9.3303e-05
1.788e-05
1.51762e-05
1.51762e-05
0.000110903
1.51762e-05
0.000373407
1.51762e-05
1.51762e-05
1.51762e-05
2.60001e-05
3.56492e-05
0.000205012
1.51762e-05
1.51762e-05
3.34641e-05
1.51762e-05
0.000238297
1.51762e-05
0.000115053
3.43473e-05
1.51762e-05
1.51762e-05
1.51762e-05
1.51762e-05
1.51762e-05
0.000359439
0.000297154
1.51762e-05
0.000129638
0.000225373
1.51762e-05
1.51762e-05
0.000609102
0.000416012
0.000117966
1.51762e-05
4.38084e-05
1.51762e-05
0.000104914
1.51762e-05
3.5019e-05
1.51762e-05
1.51762e-05
1.51762e-05
5.94977e-05
1.51762e-05
1.51762e-05
1.51762e-05
0.000143431
1.51762e-05
1.51762e-05
4.30447e-05
0.000682879
1.51762e-05
1.51762e-05
4.62071e-05
1.51762e-05
1.51762e-05
2.10315e-05
1.51762e-05
7.75506e-05
1.51762e-05
0.000224354
6.03037e-05
2.19229e-05
4.54509e-05
5.13056e-05
1.59105e-05
0.0002254
1.51762e-05
1.51762e-05
7.15599e-05
0.000121937
2.78991e-05
0.000722231
0.000306625
1.51762e-05
0.000204904
1.51762e-05
1.51762e-05
0.000543881
6.57184e-05
1.51762e-05
8.05404e-05
2.15822e-05
1.51762e-05
1.51762e-05
1.51762e-05
1.51762e-05
0.000106893
0.000968386
1.51762e-05
1.51762e-05
2.63112e-05
7.70376e-05
1.51762e-05
7.90633e-05
1.51762e-05
2.47391e-05
3.29407e-05
8.80145e-05
2.99631e-05
0.000104572
1.51762e-05
1.51762e-05
0.000361603
8.52017e-05
1.51762e-05
0.00026707
1.51762e-05
1.51762e-05
1.51762e-05
3.38915e-05
0.000332794
1.51762e-05
1.51762e-05
1.51762e-05
0.000188923
1.51762e-05
0.000473907
2.96514e-05
0.00061104
1.51762e-05
1.51762e-05
2.52373e-05
0.000432155
1.51762e-05
1.51762e-05
1.51762e-05
1.55421e-05
0.000134017
1.51762e-05
1.51762e-05
1.51762e-05
0.00177604
0.000223628
3.29983e-05
1.51762e-05
1.51762e-05
1.51762e-05
1.51762e-05
1.51762e-05
0.000127083
1.51762e-05
5.5113e-05
1.51762e-05
9.69924e-05
1.51762e-05
2.29716e-05
0.000127592
1.51762e-05
2.22973e-05
1.51762e-05
1.51762e-05
1.51762e-05
1.51762e-05
0.000138459
9.97247e-05
6.84371e-05
1.51762e-05
0.000123479
0.000376699
2.77045e-05
0.000758177
1.51762e-05
0.000385785
1.51762e-05
1.51762e-05
1.51762e-05
1.51762e-05
2.70645e-05
1.51762e-05
1.51762e-05
1.51762e-05
1.51762e-05
1.60785e-05
1.51762e-05
1.6741e-05
1.51762e-05
5.46432e-05
7.40988e-05
1.51762e-05
1.51762e-05
0.000146458
1.51762e-05
1.51762e-05
1.51762e-05
0.00015101
1.51762e-05
3.88977e-05
0.000273429
1.51762e-05
1.51762e-05
0.000107859
1.51762e-05
1.51762e-05
1.51762e-05
6.26348e-05
5.42016e-05
1.51762e-05
1.51762e-05
8.97266e-05
1.63854e-05
0.0003329
0.00122665
1.51762e-05
3.0263e-05
0.00175042
1.51762e-05
1.51762e-05
0.000618376
0.000107924
2.85276e-05
0.000233101
2.09455e-05
1.51762e-05
1.51762e-05
1.51762e-05
1.51762e-05
1.51762e-05
8.60733e-05
1.51762e-05
1.51762e-05
1.51762e-05
1.51762e-05
1.51762e-05
1.51762e-05
1.51762e-05
0.000341711
1.51762e-05
1.51762e-05
9.42959e-05
1.51762e-05
1.74156e-05
1.51762e-05
0.000356871
1.51762e-05
0.000732474
1.51762e-05
1.51762e-05
2.00065e-05
1.51762e-05
1.51762e-05
1.51762e-05
2.69889e-05
0.00015844
1.51762e-05
1.51762e-05
4.38918e-05
3.89483e-05
0.000137503
0.000102763
1.51762e-05
2.64389e-05
4.98981e-05
1.51762e-05
0.00153644
5.48217e-05
1.51762e-05
1.51762e-05
1.54927e-05
2.05112e-05
0.000165816
1.98606e-05
8.32978e-05
1.51762e-05
2.79578e-05
1.51762e-05
2.27083e-05
1.51762e-05
8.23019e-05
2.66731e-05
1.51762e-05
1.51762e-05
1.51762e-05
2.35013e-05
3.18063e-05
7.29891e-05
1.51762e-05
2.46038e-05
1.76704e-05
0.000252422
8.05679e-05
3.34178e-05
2.10539e-05
1.51762e-05
2.05553e-05
1.51762e-05
1.51762e-05
0.000537847
1.51762e-05
0.000195638
1.51762e-05
1.51762e-05
0.000122255
6.14627e-05
1.51762e-05
2.41705e-05
1.51762e-05
3.26376e-05
9.45967e-05
0.000102032
0.000568483
5.03514e-05
2.84749e-05
5.98819e-05
7.3824e-05
1.51762e-05
1.51762e-05
3.95561e-05
0.000443078
1.51762e-05
1.51762e-05
3.07361e-05
1.51762e-05
1.51762e-05
6.93035e-05
1.51762e-05
1.51762e-05
0.000138503
0.00141253
0.000158524
1.51762e-05
3.98508e-05
1.51762e-05
1.51762e-05
3.96389e-05
1.51762e-05
1.51762e-05
1.51762e-05
2.13463e-05
1.51762e-05
1.51762e-05
1.51762e-05
1.51762e-05
1.51762e-05
1.51762e-05
7.1268e-05
1.51762e-05
0.00058876
0.000145
1.51762e-05
2.53437e-05
7.83789e-05
2.56878e-05
1.51762e-05
1.97511e-05
4.29411e-05
1.51762e-05
1.58865e-05
0.000249538
0.000159767

